//TODO: Make it optimal
var X = 0;
var Y = 17;
var Z = 0;
var B = [[21.5,-8.5,-104.5,2.5],[21.5,-8.5,-98.5,2.5],[21.5,-8.5,-92.5,2.5],[21.5,-8.5,-86.5,2.5],[21.5,-8.5,-80.5,2.5],[21.5,-8.5,-74.5,2.5],[21.5,-8.5,-68.5,2.5],[21.5,-8.5,-62.5,2.5],[21.5,-8.5,-56.5,2.5],[21.5,-8.5,-50.5,2.5],[21.5,-8.5,-44.5,2.5],[21.5,-8.5,-38.5,2.5],[21.5,-8.5,-32.5,2.5],[21.5,-8.5,-26.5,2.5],[21.5,-8.5,-20.5,2.5],[21.5,-8.5,-14.5,2.5],[21.5,-8.5,-8.5,2.5],[21.5,-8.5,-2.5,2.5],[21.5,-8.5,3.5,2.5],[21.5,-8.5,9.5,2.5],[21.5,-8.5,15.5,2.5],[21.5,-8.5,21.5,2.5],[21.5,-8.5,27.5,2.5],[21.5,-8.5,33.5,2.5],[21.5,-8.5,39.5,2.5],[21.5,-8.5,45.5,2.5],[21.5,-8.5,51.5,2.5],[21.5,-8.5,57.5,2.5],[21.5,-8.5,63.5,2.5],[21.5,-8.5,69.5,2.5],[21.5,-8.5,75.5,2.5],[21.5,-8.5,81.5,2.5],[21.5,-8.5,87.5,2.5],[21.5,-8.5,93.5,2.5],[-20.5,-8.5,-104.5,2.5],[-20.5,-8.5,-98.5,2.5],[-20.5,-8.5,-92.5,2.5],[-20.5,-8.5,-86.5,2.5],[-20.5,-8.5,-80.5,2.5],[-20.5,-8.5,-74.5,2.5],[-20.5,-8.5,-68.5,2.5],[-20.5,-8.5,-62.5,2.5],[-20.5,-8.5,-56.5,2.5],[-20.5,-8.5,-50.5,2.5],[-20.5,-8.5,-44.5,2.5],[-20.5,-8.5,-38.5,2.5],[-20.5,-8.5,-32.5,2.5],[-20.5,-8.5,-26.5,2.5],[-20.5,-8.5,-20.5,2.5],[-20.5,-8.5,-14.5,2.5],[-20.5,-8.5,-8.5,2.5],[-20.5,-8.5,-2.5,2.5],[-20.5,-8.5,3.5,2.5],[-20.5,-8.5,9.5,2.5],[-20.5,-8.5,15.5,2.5],[-20.5,-8.5,21.5,2.5],[-20.5,-8.5,27.5,2.5],[-20.5,-8.5,33.5,2.5],[-20.5,-8.5,39.5,2.5],[-20.5,-8.5,45.5,2.5],[-20.5,-8.5,51.5,2.5],[-20.5,-8.5,57.5,2.5],[-20.5,-8.5,63.5,2.5],[-20.5,-8.5,69.5,2.5],[-20.5,-8.5,75.5,2.5],[-20.5,-8.5,81.5,2.5],[-20.5,-8.5,87.5,2.5],[-20.5,-8.5,93.5,2.5],[9.5,-56.5,-104.5,2.5],[9.5,-56.5,-98.5,2.5],[9.5,-56.5,-92.5,2.5],[9.5,-56.5,-86.5,2.5],[9.5,-56.5,-80.5,2.5],[9.5,-56.5,-74.5,2.5],[9.5,-56.5,-68.5,2.5],[9.5,-56.5,-20.5,2.5],[9.5,-56.5,-14.5,2.5],[9.5,-56.5,-8.5,2.5],[9.5,-56.5,-2.5,2.5],[9.5,-56.5,3.5,2.5],[9.5,-56.5,9.5,2.5],[9.5,-56.5,57.5,2.5],[9.5,-56.5,63.5,2.5],[9.5,-56.5,69.5,2.5],[9.5,-56.5,75.5,2.5],[9.5,-56.5,81.5,2.5],[9.5,-56.5,87.5,2.5],[3.5,-56.5,-104.5,2.5],[3.5,-56.5,-98.5,2.5],[3.5,-56.5,-92.5,2.5],[3.5,-56.5,-86.5,2.5],[3.5,-56.5,-80.5,2.5],[3.5,-56.5,-74.5,2.5],[3.5,-56.5,-68.5,2.5],[3.5,-56.5,-20.5,2.5],[3.5,-56.5,-14.5,2.5],[3.5,-56.5,-8.5,2.5],[3.5,-56.5,-2.5,2.5],[3.5,-56.5,3.5,2.5],[3.5,-56.5,9.5,2.5],[3.5,-56.5,57.5,2.5],[3.5,-56.5,63.5,2.5],[3.5,-56.5,69.5,2.5],[3.5,-56.5,87.5,2.5],[-2.5,-56.5,-104.5,2.5],[-2.5,-56.5,-98.5,2.5],[-2.5,-56.5,-92.5,2.5],[-2.5,-56.5,-86.5,2.5],[-2.5,-56.5,-80.5,2.5],[-2.5,-56.5,-74.5,2.5],[-2.5,-56.5,-68.5,2.5],[-2.5,-56.5,-20.5,2.5],[-2.5,-56.5,-14.5,2.5],[-2.5,-56.5,-8.5,2.5],[-2.5,-56.5,-2.5,2.5],[-2.5,-56.5,3.5,2.5],[-2.5,-56.5,9.5,2.5],[-2.5,-56.5,57.5,2.5],[-2.5,-56.5,63.5,2.5],[-2.5,-56.5,69.5,2.5],[-2.5,-56.5,87.5,2.5],[-8.5,-56.5,-104.5,2.5],[-8.5,-56.5,-98.5,2.5],[-8.5,-56.5,-92.5,2.5],[-8.5,-56.5,-86.5,2.5],[-8.5,-56.5,-80.5,2.5],[-8.5,-56.5,-74.5,2.5],[-8.5,-56.5,-68.5,2.5],[-8.5,-56.5,-20.5,2.5],[-8.5,-56.5,-14.5,2.5],[-8.5,-56.5,-8.5,2.5],[-8.5,-56.5,-2.5,2.5],[-8.5,-56.5,3.5,2.5],[-8.5,-56.5,9.5,2.5],[-8.5,-56.5,57.5,2.5],[-8.5,-56.5,63.5,2.5],[-8.5,-56.5,69.5,2.5],[-8.5,-56.5,75.5,2.5],[-8.5,-56.5,81.5,2.5],[-8.5,-56.5,87.5,2.5],[9.5,-62.5,-62.5,2.5],[9.5,-62.5,-56.5,2.5],[9.5,-62.5,-50.5,2.5],[9.5,-62.5,-44.5,2.5],[9.5,-62.5,-38.5,2.5],[9.5,-62.5,-32.5,2.5],[9.5,-62.5,-26.5,2.5],[9.5,-62.5,15.5,2.5],[9.5,-62.5,21.5,2.5],[9.5,-62.5,27.5,2.5],[9.5,-62.5,33.5,2.5],[9.5,-62.5,39.5,2.5],[9.5,-62.5,45.5,2.5],[9.5,-62.5,51.5,2.5],[3.5,-62.5,-62.5,2.5],[3.5,-62.5,-56.5,2.5],[3.5,-62.5,-50.5,2.5],[3.5,-62.5,-44.5,2.5],[3.5,-62.5,-38.5,2.5],[3.5,-62.5,-32.5,2.5],[3.5,-62.5,-26.5,2.5],[3.5,-62.5,15.5,2.5],[3.5,-62.5,21.5,2.5],[3.5,-62.5,27.5,2.5],[3.5,-62.5,33.5,2.5],[3.5,-62.5,39.5,2.5],[3.5,-62.5,45.5,2.5],[3.5,-62.5,51.5,2.5],[3.5,-62.5,75.5,2.5],[3.5,-62.5,81.5,2.5],[-2.5,-62.5,-62.5,2.5],[-2.5,-62.5,-56.5,2.5],[-2.5,-62.5,-50.5,2.5],[-2.5,-62.5,-44.5,2.5],[-2.5,-62.5,-38.5,2.5],[-2.5,-62.5,-32.5,2.5],[-2.5,-62.5,-26.5,2.5],[-2.5,-62.5,15.5,2.5],[-2.5,-62.5,21.5,2.5],[-2.5,-62.5,27.5,2.5],[-2.5,-62.5,33.5,2.5],[-2.5,-62.5,39.5,2.5],[-2.5,-62.5,45.5,2.5],[-2.5,-62.5,51.5,2.5],[-2.5,-62.5,75.5,2.5],[-2.5,-62.5,81.5,2.5],[-8.5,-62.5,-62.5,2.5],[-8.5,-62.5,-56.5,2.5],[-8.5,-62.5,-50.5,2.5],[-8.5,-62.5,-44.5,2.5],[-8.5,-62.5,-38.5,2.5],[-8.5,-62.5,-32.5,2.5],[-8.5,-62.5,-26.5,2.5],[-8.5,-62.5,15.5,2.5],[-8.5,-62.5,21.5,2.5],[-8.5,-62.5,27.5,2.5],[-8.5,-62.5,33.5,2.5],[-8.5,-62.5,39.5,2.5],[-8.5,-62.5,45.5,2.5],[-8.5,-62.5,51.5,2.5],[9.5,-68.5,-80.5,2.5],[9.5,-68.5,-74.5,2.5],[3.5,-68.5,-80.5,2.5],[3.5,-68.5,-74.5,2.5]];
body.setTextureOffset(0, 26, false);
for(var e = 0; e < 204; e++) {body.addBox(B[e][0]+X, B[e][1]+Y, B[e][2]+Z, 1, 1, 1, B[e][3])};
var B = [[21.5,3.5,-122.5,2.5],[21.5,3.5,-116.5,2.5],[21.5,3.5,-110.5,2.5],[15.5,3.5,-122.5,2.5],[9.5,3.5,-122.5,2.5],[-8.5,3.5,-122.5,2.5],[-14.5,3.5,-122.5,2.5],[-20.5,3.5,-122.5,2.5],[-20.5,3.5,-116.5,2.5],[-20.5,3.5,-110.5,2.5],[21.5,-2.5,-122.5,2.5],[21.5,-2.5,-116.5,2.5],[21.5,-2.5,-110.5,2.5],[15.5,-2.5,-122.5,2.5],[9.5,-2.5,-122.5,2.5],[-8.5,-2.5,-122.5,2.5],[-14.5,-2.5,-122.5,2.5],[-20.5,-2.5,-122.5,2.5],[-20.5,-2.5,-116.5,2.5],[-20.5,-2.5,-110.5,2.5],[21.5,-8.5,-122.5,2.5],[21.5,-8.5,-116.5,2.5],[21.5,-8.5,-110.5,2.5],[9.5,-8.5,-122.5,2.5],[3.5,-8.5,-122.5,2.5],[-2.5,-8.5,-122.5,2.5],[-8.5,-8.5,-122.5,2.5],[-20.5,-8.5,-122.5,2.5],[-20.5,-8.5,-116.5,2.5],[-20.5,-8.5,-110.5,2.5]];
body.setTextureOffset(0, 4, false);
for(var e = 0; e < 30; e++) {body.addBox(B[e][0]+X, B[e][1]+Y, B[e][2]+Z, 1, 1, 1, B[e][3])};
var B = [[15.5,-8.5,99.5,2.5],[15.5,-8.5,105.5,2.5],[-14.5,-8.5,99.5,2.5],[-14.5,-8.5,105.5,2.5],[21.5,-14.5,-122.5,2.5],[21.5,-14.5,-116.5,2.5],[21.5,-14.5,-110.5,2.5],[21.5,-14.5,-56.5,2.5],[21.5,-14.5,-50.5,2.5],[21.5,-14.5,-44.5,2.5],[21.5,-14.5,-38.5,2.5],[21.5,-14.5,-32.5,2.5],[21.5,-14.5,21.5,2.5],[21.5,-14.5,27.5,2.5],[21.5,-14.5,33.5,2.5],[21.5,-14.5,39.5,2.5],[21.5,-14.5,45.5,2.5],[15.5,-14.5,-122.5,2.5],[15.5,-14.5,99.5,2.5],[15.5,-14.5,105.5,2.5],[9.5,-14.5,-122.5,2.5],[3.5,-14.5,-122.5,2.5],[-2.5,-14.5,-122.5,2.5],[-8.5,-14.5,-122.5,2.5],[-14.5,-14.5,-122.5,2.5],[-14.5,-14.5,99.5,2.5],[-14.5,-14.5,105.5,2.5],[-20.5,-14.5,-122.5,2.5],[-20.5,-14.5,-116.5,2.5],[-20.5,-14.5,-110.5,2.5],[-20.5,-14.5,-56.5,2.5],[-20.5,-14.5,-50.5,2.5],[-20.5,-14.5,-44.5,2.5],[-20.5,-14.5,-38.5,2.5],[-20.5,-14.5,-32.5,2.5],[-20.5,-14.5,21.5,2.5],[-20.5,-14.5,27.5,2.5],[-20.5,-14.5,33.5,2.5],[-20.5,-14.5,39.5,2.5],[-20.5,-14.5,45.5,2.5],[21.5,-20.5,-110.5,2.5],[15.5,-20.5,99.5,2.5],[15.5,-20.5,105.5,2.5],[-14.5,-20.5,99.5,2.5],[-14.5,-20.5,105.5,2.5],[-20.5,-20.5,-110.5,2.5],[21.5,-26.5,-110.5,2.5],[15.5,-26.5,99.5,2.5],[15.5,-26.5,105.5,2.5],[-14.5,-26.5,99.5,2.5],[-14.5,-26.5,105.5,2.5],[-20.5,-26.5,-110.5,2.5],[21.5,-32.5,-122.5,2.5],[21.5,-32.5,-116.5,2.5],[21.5,-32.5,-110.5,2.5],[15.5,-32.5,-122.5,2.5],[15.5,-32.5,99.5,2.5],[15.5,-32.5,105.5,2.5],[9.5,-32.5,-122.5,2.5],[3.5,-32.5,-122.5,2.5],[-2.5,-32.5,-122.5,2.5],[-8.5,-32.5,-122.5,2.5],[-14.5,-32.5,-122.5,2.5],[-14.5,-32.5,99.5,2.5],[-14.5,-32.5,105.5,2.5],[-20.5,-32.5,-122.5,2.5],[-20.5,-32.5,-116.5,2.5],[-20.5,-32.5,-110.5,2.5],[21.5,-38.5,-116.5,2.5],[21.5,-38.5,-110.5,2.5],[15.5,-38.5,99.5,2.5],[15.5,-38.5,105.5,2.5],[-14.5,-38.5,99.5,2.5],[-14.5,-38.5,105.5,2.5],[-20.5,-38.5,-116.5,2.5],[-20.5,-38.5,-110.5,2.5],[21.5,-44.5,-116.5,2.5],[21.5,-44.5,-110.5,2.5],[15.5,-44.5,99.5,2.5],[15.5,-44.5,105.5,2.5],[-14.5,-44.5,99.5,2.5],[-14.5,-44.5,105.5,2.5],[-20.5,-44.5,-116.5,2.5],[-20.5,-44.5,-110.5,2.5],[21.5,-50.5,-122.5,2.5],[21.5,-50.5,-116.5,2.5],[21.5,-50.5,-110.5,2.5],[15.5,-50.5,-122.5,2.5],[15.5,-50.5,99.5,2.5],[15.5,-50.5,105.5,2.5],[9.5,-50.5,-122.5,2.5],[9.5,-50.5,99.5,2.5],[9.5,-50.5,105.5,2.5],[3.5,-50.5,-122.5,2.5],[3.5,-50.5,99.5,2.5],[3.5,-50.5,105.5,2.5],[-2.5,-50.5,-122.5,2.5],[-2.5,-50.5,99.5,2.5],[-2.5,-50.5,105.5,2.5],[-8.5,-50.5,-122.5,2.5],[-8.5,-50.5,99.5,2.5],[-8.5,-50.5,105.5,2.5],[-14.5,-50.5,-122.5,2.5],[-14.5,-50.5,99.5,2.5],[-14.5,-50.5,105.5,2.5],[-20.5,-50.5,-122.5,2.5],[-20.5,-50.5,-116.5,2.5],[-20.5,-50.5,-110.5,2.5],[21.5,-56.5,-122.5,2.5],[21.5,-56.5,-116.5,2.5],[21.5,-56.5,-110.5,2.5],[15.5,-56.5,-122.5,2.5],[15.5,-56.5,-116.5,2.5],[15.5,-56.5,-110.5,2.5],[9.5,-56.5,-122.5,2.5],[9.5,-56.5,-116.5,2.5],[9.5,-56.5,-110.5,2.5],[3.5,-56.5,-122.5,2.5],[3.5,-56.5,-116.5,2.5],[3.5,-56.5,-110.5,2.5],[-2.5,-56.5,-122.5,2.5],[-2.5,-56.5,-116.5,2.5],[-2.5,-56.5,-110.5,2.5],[-8.5,-56.5,-122.5,2.5],[-8.5,-56.5,-116.5,2.5],[-8.5,-56.5,-110.5,2.5],[-14.5,-56.5,-122.5,2.5],[-14.5,-56.5,-116.5,2.5],[-14.5,-56.5,-110.5,2.5],[-20.5,-56.5,-122.5,2.5],[-20.5,-56.5,-116.5,2.5],[-20.5,-56.5,-110.5,2.5]];
body.setTextureOffset(0, 0, false);
for(var e = 0; e < 132; e++) {body.addBox(B[e][0]+X, B[e][1]+Y, B[e][2]+Z, 1, 1, 1, B[e][3])};
var B = [[21.5,-14.5,-26.5,2.5],[21.5,-14.5,-20.5,2.5],[21.5,-14.5,-14.5,2.5],[21.5,-14.5,-8.5,2.5],[21.5,-14.5,-2.5,2.5],[21.5,-14.5,3.5,2.5],[21.5,-14.5,9.5,2.5],[21.5,-14.5,15.5,2.5],[-20.5,-14.5,-26.5,2.5],[-20.5,-14.5,-20.5,2.5],[-20.5,-14.5,-14.5,2.5],[-20.5,-14.5,-8.5,2.5],[-20.5,-14.5,-2.5,2.5],[-20.5,-14.5,3.5,2.5],[-20.5,-14.5,9.5,2.5],[-20.5,-14.5,15.5,2.5],[21.5,-20.5,-80.5,2.5],[21.5,-20.5,-74.5,2.5],[21.5,-20.5,-68.5,2.5],[21.5,-20.5,-62.5,2.5],[21.5,-20.5,-26.5,2.5],[21.5,-20.5,-20.5,2.5],[21.5,-20.5,-14.5,2.5],[21.5,-20.5,-8.5,2.5],[21.5,-20.5,-2.5,2.5],[21.5,-20.5,3.5,2.5],[21.5,-20.5,9.5,2.5],[21.5,-20.5,15.5,2.5],[-20.5,-20.5,-80.5,2.5],[-20.5,-20.5,-74.5,2.5],[-20.5,-20.5,-68.5,2.5],[-20.5,-20.5,-62.5,2.5],[-20.5,-20.5,-26.5,2.5],[-20.5,-20.5,-20.5,2.5],[-20.5,-20.5,-14.5,2.5],[-20.5,-20.5,-8.5,2.5],[-20.5,-20.5,-2.5,2.5],[-20.5,-20.5,3.5,2.5],[-20.5,-20.5,9.5,2.5],[-20.5,-20.5,15.5,2.5],[21.5,-26.5,-80.5,2.5],[21.5,-26.5,-62.5,2.5],[21.5,-26.5,-26.5,2.5],[21.5,-26.5,-20.5,2.5],[21.5,-26.5,-14.5,2.5],[21.5,-26.5,-8.5,2.5],[21.5,-26.5,-2.5,2.5],[21.5,-26.5,3.5,2.5],[21.5,-26.5,9.5,2.5],[21.5,-26.5,15.5,2.5],[-20.5,-26.5,-80.5,2.5],[-20.5,-26.5,-62.5,2.5],[-20.5,-26.5,-26.5,2.5],[-20.5,-26.5,-20.5,2.5],[-20.5,-26.5,-14.5,2.5],[-20.5,-26.5,-8.5,2.5],[-20.5,-26.5,-2.5,2.5],[-20.5,-26.5,3.5,2.5],[-20.5,-26.5,9.5,2.5],[-20.5,-26.5,15.5,2.5],[21.5,-32.5,-80.5,2.5],[21.5,-32.5,-74.5,2.5],[21.5,-32.5,-68.5,2.5],[21.5,-32.5,-62.5,2.5],[21.5,-32.5,-26.5,2.5],[21.5,-32.5,-20.5,2.5],[21.5,-32.5,-14.5,2.5],[21.5,-32.5,-8.5,2.5],[21.5,-32.5,-2.5,2.5],[21.5,-32.5,3.5,2.5],[21.5,-32.5,9.5,2.5],[21.5,-32.5,15.5,2.5],[-20.5,-32.5,-80.5,2.5],[-20.5,-32.5,-74.5,2.5],[-20.5,-32.5,-68.5,2.5],[-20.5,-32.5,-62.5,2.5],[-20.5,-32.5,-26.5,2.5],[-20.5,-32.5,-20.5,2.5],[-20.5,-32.5,-14.5,2.5],[-20.5,-32.5,-8.5,2.5],[-20.5,-32.5,-2.5,2.5],[-20.5,-32.5,3.5,2.5],[-20.5,-32.5,9.5,2.5],[-20.5,-32.5,15.5,2.5],[21.5,-38.5,-14.5,2.5],[21.5,-38.5,3.5,2.5],[-20.5,-38.5,-14.5,2.5],[-20.5,-38.5,3.5,2.5],[21.5,-44.5,-14.5,2.5],[21.5,-44.5,3.5,2.5],[-20.5,-44.5,-14.5,2.5],[-20.5,-44.5,3.5,2.5],[21.5,-50.5,-26.5,2.5],[21.5,-50.5,-20.5,2.5],[21.5,-50.5,-14.5,2.5],[21.5,-50.5,-8.5,2.5],[21.5,-50.5,-2.5,2.5],[21.5,-50.5,3.5,2.5],[21.5,-50.5,9.5,2.5],[21.5,-50.5,15.5,2.5],[-20.5,-50.5,-26.5,2.5],[-20.5,-50.5,-20.5,2.5],[-20.5,-50.5,-14.5,2.5],[-20.5,-50.5,-8.5,2.5],[-20.5,-50.5,-2.5,2.5],[-20.5,-50.5,3.5,2.5],[-20.5,-50.5,9.5,2.5],[-20.5,-50.5,15.5,2.5]];
body.setTextureOffset(0, 4, false);
for(var e = 0; e < 108; e++) {body.addBox(B[e][0]+X, B[e][1]+Y, B[e][2]+Z, 1, 1, 1, B[e][3])};
var B = [[21.5,-14.5,-86.5,2.5],[21.5,-14.5,-80.5,2.5],[21.5,-14.5,-74.5,2.5],[21.5,-14.5,-68.5,2.5],[21.5,-14.5,-62.5,2.5],[21.5,-14.5,51.5,2.5],[21.5,-14.5,57.5,2.5],[21.5,-14.5,63.5,2.5],[21.5,-14.5,69.5,2.5],[21.5,-14.5,75.5,2.5],[-20.5,-14.5,-86.5,2.5],[-20.5,-14.5,-80.5,2.5],[-20.5,-14.5,-74.5,2.5],[-20.5,-14.5,-68.5,2.5],[-20.5,-14.5,-62.5,2.5],[-20.5,-14.5,51.5,2.5],[-20.5,-14.5,57.5,2.5],[-20.5,-14.5,63.5,2.5],[-20.5,-14.5,69.5,2.5],[-20.5,-14.5,75.5,2.5],[21.5,-20.5,-86.5,2.5],[21.5,-20.5,-44.5,2.5],[21.5,-20.5,33.5,2.5],[21.5,-20.5,51.5,2.5],[21.5,-20.5,57.5,2.5],[21.5,-20.5,63.5,2.5],[21.5,-20.5,69.5,2.5],[21.5,-20.5,75.5,2.5],[-20.5,-20.5,-86.5,2.5],[-20.5,-20.5,-44.5,2.5],[-20.5,-20.5,33.5,2.5],[-20.5,-20.5,51.5,2.5],[-20.5,-20.5,57.5,2.5],[-20.5,-20.5,63.5,2.5],[-20.5,-20.5,69.5,2.5],[-20.5,-20.5,75.5,2.5],[21.5,-26.5,-86.5,2.5],[21.5,-26.5,-74.5,2.5],[21.5,-26.5,-68.5,2.5],[21.5,-26.5,-44.5,2.5],[21.5,-26.5,33.5,2.5],[21.5,-26.5,51.5,2.5],[21.5,-26.5,57.5,2.5],[21.5,-26.5,63.5,2.5],[21.5,-26.5,69.5,2.5],[21.5,-26.5,75.5,2.5],[-20.5,-26.5,-86.5,2.5],[-20.5,-26.5,-74.5,2.5],[-20.5,-26.5,-68.5,2.5],[-20.5,-26.5,-44.5,2.5],[-20.5,-26.5,33.5,2.5],[-20.5,-26.5,51.5,2.5],[-20.5,-26.5,57.5,2.5],[-20.5,-26.5,63.5,2.5],[-20.5,-26.5,69.5,2.5],[-20.5,-26.5,75.5,2.5],[21.5,-32.5,-86.5,2.5],[21.5,-32.5,-44.5,2.5],[21.5,-32.5,33.5,2.5],[21.5,-32.5,51.5,2.5],[21.5,-32.5,57.5,2.5],[21.5,-32.5,63.5,2.5],[21.5,-32.5,69.5,2.5],[21.5,-32.5,75.5,2.5],[-20.5,-32.5,-86.5,2.5],[-20.5,-32.5,-44.5,2.5],[-20.5,-32.5,33.5,2.5],[-20.5,-32.5,51.5,2.5],[-20.5,-32.5,57.5,2.5],[-20.5,-32.5,63.5,2.5],[-20.5,-32.5,69.5,2.5],[-20.5,-32.5,75.5,2.5],[21.5,-38.5,-86.5,2.5],[21.5,-38.5,-80.5,2.5],[21.5,-38.5,69.5,2.5],[21.5,-38.5,75.5,2.5],[-20.5,-38.5,-86.5,2.5],[-20.5,-38.5,-80.5,2.5],[-20.5,-38.5,69.5,2.5],[-20.5,-38.5,75.5,2.5],[21.5,-44.5,-86.5,2.5],[21.5,-44.5,-80.5,2.5],[21.5,-44.5,69.5,2.5],[21.5,-44.5,75.5,2.5],[-20.5,-44.5,-86.5,2.5],[-20.5,-44.5,-80.5,2.5],[-20.5,-44.5,69.5,2.5],[-20.5,-44.5,75.5,2.5],[21.5,-50.5,-86.5,2.5],[21.5,-50.5,-80.5,2.5],[21.5,-50.5,-74.5,2.5],[21.5,-50.5,-68.5,2.5],[21.5,-50.5,-62.5,2.5],[21.5,-50.5,-44.5,2.5],[21.5,-50.5,33.5,2.5],[21.5,-50.5,51.5,2.5],[21.5,-50.5,57.5,2.5],[21.5,-50.5,63.5,2.5],[21.5,-50.5,69.5,2.5],[21.5,-50.5,75.5,2.5],[-20.5,-50.5,-86.5,2.5],[-20.5,-50.5,-80.5,2.5],[-20.5,-50.5,-74.5,2.5],[-20.5,-50.5,-68.5,2.5],[-20.5,-50.5,-62.5,2.5],[-20.5,-50.5,-44.5,2.5],[-20.5,-50.5,33.5,2.5],[-20.5,-50.5,51.5,2.5],[-20.5,-50.5,57.5,2.5],[-20.5,-50.5,63.5,2.5],[-20.5,-50.5,69.5,2.5],[-20.5,-50.5,75.5,2.5]];
body.setTextureOffset(0, 22, false);
for(var e = 0; e < 112; e++) {body.addBox(B[e][0]+X, B[e][1]+Y, B[e][2]+Z, 1, 1, 1, B[e][3])};
var B = [[21.5,-14.5,-104.5,2.5],[21.5,-14.5,-98.5,2.5],[21.5,-14.5,-92.5,2.5],[21.5,-14.5,81.5,2.5],[21.5,-14.5,87.5,2.5],[21.5,-14.5,93.5,2.5],[-20.5,-14.5,-104.5,2.5],[-20.5,-14.5,-98.5,2.5],[-20.5,-14.5,-92.5,2.5],[-20.5,-14.5,81.5,2.5],[-20.5,-14.5,87.5,2.5],[-20.5,-14.5,93.5,2.5],[21.5,-20.5,-122.5,2.5],[21.5,-20.5,-116.5,2.5],[21.5,-20.5,-104.5,2.5],[21.5,-20.5,-98.5,2.5],[21.5,-20.5,-92.5,2.5],[21.5,-20.5,81.5,2.5],[21.5,-20.5,87.5,2.5],[21.5,-20.5,93.5,2.5],[15.5,-20.5,-122.5,2.5],[9.5,-20.5,-122.5,2.5],[3.5,-20.5,-122.5,2.5],[-2.5,-20.5,-122.5,2.5],[-8.5,-20.5,-122.5,2.5],[-14.5,-20.5,-122.5,2.5],[-20.5,-20.5,-122.5,2.5],[-20.5,-20.5,-116.5,2.5],[-20.5,-20.5,-104.5,2.5],[-20.5,-20.5,-98.5,2.5],[-20.5,-20.5,-92.5,2.5],[-20.5,-20.5,81.5,2.5],[-20.5,-20.5,87.5,2.5],[-20.5,-20.5,93.5,2.5],[21.5,-26.5,-122.5,2.5],[21.5,-26.5,-116.5,2.5],[21.5,-26.5,-104.5,2.5],[21.5,-26.5,-98.5,2.5],[21.5,-26.5,-92.5,2.5],[21.5,-26.5,81.5,2.5],[21.5,-26.5,87.5,2.5],[21.5,-26.5,93.5,2.5],[15.5,-26.5,-122.5,2.5],[9.5,-26.5,-122.5,2.5],[3.5,-26.5,-122.5,2.5],[-2.5,-26.5,-122.5,2.5],[-8.5,-26.5,-122.5,2.5],[-14.5,-26.5,-122.5,2.5],[-20.5,-26.5,-122.5,2.5],[-20.5,-26.5,-116.5,2.5],[-20.5,-26.5,-104.5,2.5],[-20.5,-26.5,-98.5,2.5],[-20.5,-26.5,-92.5,2.5],[-20.5,-26.5,81.5,2.5],[-20.5,-26.5,87.5,2.5],[-20.5,-26.5,93.5,2.5],[21.5,-32.5,-104.5,2.5],[21.5,-32.5,-98.5,2.5],[21.5,-32.5,-92.5,2.5],[21.5,-32.5,81.5,2.5],[21.5,-32.5,87.5,2.5],[21.5,-32.5,93.5,2.5],[-20.5,-32.5,-104.5,2.5],[-20.5,-32.5,-98.5,2.5],[-20.5,-32.5,-92.5,2.5],[-20.5,-32.5,81.5,2.5],[-20.5,-32.5,87.5,2.5],[-20.5,-32.5,93.5,2.5],[21.5,-38.5,-104.5,2.5],[21.5,-38.5,-92.5,2.5],[21.5,-38.5,81.5,2.5],[21.5,-38.5,93.5,2.5],[-20.5,-38.5,-104.5,2.5],[-20.5,-38.5,-92.5,2.5],[-20.5,-38.5,81.5,2.5],[-20.5,-38.5,93.5,2.5],[21.5,-44.5,-104.5,2.5],[21.5,-44.5,-92.5,2.5],[21.5,-44.5,81.5,2.5],[21.5,-44.5,93.5,2.5],[-20.5,-44.5,-104.5,2.5],[-20.5,-44.5,-92.5,2.5],[-20.5,-44.5,81.5,2.5],[-20.5,-44.5,93.5,2.5],[21.5,-50.5,-104.5,2.5],[21.5,-50.5,-98.5,2.5],[21.5,-50.5,-92.5,2.5],[21.5,-50.5,81.5,2.5],[21.5,-50.5,87.5,2.5],[21.5,-50.5,93.5,2.5],[-20.5,-50.5,-104.5,2.5],[-20.5,-50.5,-98.5,2.5],[-20.5,-50.5,-92.5,2.5],[-20.5,-50.5,81.5,2.5],[-20.5,-50.5,87.5,2.5],[-20.5,-50.5,93.5,2.5],[15.5,-56.5,-104.5,2.5],[15.5,-56.5,-98.5,2.5],[15.5,-56.5,-92.5,2.5],[15.5,-56.5,-86.5,2.5],[15.5,-56.5,-80.5,2.5],[15.5,-56.5,-74.5,2.5],[15.5,-56.5,-68.5,2.5],[15.5,-56.5,-62.5,2.5],[15.5,-56.5,-56.5,2.5],[15.5,-56.5,-50.5,2.5],[15.5,-56.5,-44.5,2.5],[15.5,-56.5,-38.5,2.5],[15.5,-56.5,-32.5,2.5],[15.5,-56.5,-26.5,2.5],[15.5,-56.5,-20.5,2.5],[15.5,-56.5,-14.5,2.5],[15.5,-56.5,-8.5,2.5],[15.5,-56.5,-2.5,2.5],[15.5,-56.5,3.5,2.5],[15.5,-56.5,9.5,2.5],[15.5,-56.5,15.5,2.5],[15.5,-56.5,21.5,2.5],[15.5,-56.5,27.5,2.5],[15.5,-56.5,33.5,2.5],[15.5,-56.5,39.5,2.5],[15.5,-56.5,45.5,2.5],[15.5,-56.5,51.5,2.5],[15.5,-56.5,57.5,2.5],[15.5,-56.5,63.5,2.5],[15.5,-56.5,69.5,2.5],[15.5,-56.5,75.5,2.5],[15.5,-56.5,81.5,2.5],[15.5,-56.5,87.5,2.5],[15.5,-56.5,93.5,2.5],[9.5,-56.5,93.5,2.5],[3.5,-56.5,93.5,2.5],[-2.5,-56.5,93.5,2.5],[-8.5,-56.5,93.5,2.5],[-14.5,-56.5,-104.5,2.5],[-14.5,-56.5,-98.5,2.5],[-14.5,-56.5,-92.5,2.5],[-14.5,-56.5,-86.5,2.5],[-14.5,-56.5,-80.5,2.5],[-14.5,-56.5,-74.5,2.5],[-14.5,-56.5,-68.5,2.5],[-14.5,-56.5,-62.5,2.5],[-14.5,-56.5,-56.5,2.5],[-14.5,-56.5,-50.5,2.5],[-14.5,-56.5,-44.5,2.5],[-14.5,-56.5,-38.5,2.5],[-14.5,-56.5,-32.5,2.5],[-14.5,-56.5,-26.5,2.5],[-14.5,-56.5,-20.5,2.5],[-14.5,-56.5,-14.5,2.5],[-14.5,-56.5,-8.5,2.5],[-14.5,-56.5,-2.5,2.5],[-14.5,-56.5,3.5,2.5],[-14.5,-56.5,9.5,2.5],[-14.5,-56.5,15.5,2.5],[-14.5,-56.5,21.5,2.5],[-14.5,-56.5,27.5,2.5],[-14.5,-56.5,33.5,2.5],[-14.5,-56.5,39.5,2.5],[-14.5,-56.5,45.5,2.5],[-14.5,-56.5,51.5,2.5],[-14.5,-56.5,57.5,2.5],[-14.5,-56.5,63.5,2.5],[-14.5,-56.5,69.5,2.5],[-14.5,-56.5,75.5,2.5],[-14.5,-56.5,81.5,2.5],[-14.5,-56.5,87.5,2.5],[-14.5,-56.5,93.5,2.5]];
body.setTextureOffset(0, 20, false);
for(var e = 0; e < 168; e++) {body.addBox(B[e][0]+X, B[e][1]+Y, B[e][2]+Z, 1, 1, 1, B[e][3])};
var B = [[21.5,-2.5,-104.5,2.5],[21.5,-2.5,-98.5,2.5],[21.5,-2.5,-92.5,2.5],[21.5,-2.5,-86.5,2.5],[21.5,-2.5,-80.5,2.5],[21.5,-2.5,-74.5,2.5],[21.5,-2.5,-68.5,2.5],[21.5,-2.5,-62.5,2.5],[21.5,-2.5,-56.5,2.5],[21.5,-2.5,-50.5,2.5],[21.5,-2.5,-44.5,2.5],[21.5,-2.5,-38.5,2.5],[21.5,-2.5,-32.5,2.5],[21.5,-2.5,-26.5,2.5],[21.5,-2.5,-20.5,2.5],[21.5,-2.5,-14.5,2.5],[21.5,-2.5,-8.5,2.5],[21.5,-2.5,-2.5,2.5],[21.5,-2.5,3.5,2.5],[21.5,-2.5,9.5,2.5],[21.5,-2.5,15.5,2.5],[21.5,-2.5,21.5,2.5],[21.5,-2.5,27.5,2.5],[21.5,-2.5,33.5,2.5],[21.5,-2.5,39.5,2.5],[21.5,-2.5,45.5,2.5],[21.5,-2.5,51.5,2.5],[21.5,-2.5,57.5,2.5],[21.5,-2.5,63.5,2.5],[21.5,-2.5,69.5,2.5],[21.5,-2.5,75.5,2.5],[21.5,-2.5,81.5,2.5],[21.5,-2.5,87.5,2.5],[21.5,-2.5,93.5,2.5],[-20.5,-2.5,-104.5,2.5],[-20.5,-2.5,-98.5,2.5],[-20.5,-2.5,-92.5,2.5],[-20.5,-2.5,-86.5,2.5],[-20.5,-2.5,-80.5,2.5],[-20.5,-2.5,-74.5,2.5],[-20.5,-2.5,-68.5,2.5],[-20.5,-2.5,-62.5,2.5],[-20.5,-2.5,-56.5,2.5],[-20.5,-2.5,-50.5,2.5],[-20.5,-2.5,-44.5,2.5],[-20.5,-2.5,-38.5,2.5],[-20.5,-2.5,-32.5,2.5],[-20.5,-2.5,-26.5,2.5],[-20.5,-2.5,-20.5,2.5],[-20.5,-2.5,-14.5,2.5],[-20.5,-2.5,-8.5,2.5],[-20.5,-2.5,-2.5,2.5],[-20.5,-2.5,3.5,2.5],[-20.5,-2.5,9.5,2.5],[-20.5,-2.5,15.5,2.5],[-20.5,-2.5,21.5,2.5],[-20.5,-2.5,27.5,2.5],[-20.5,-2.5,33.5,2.5],[-20.5,-2.5,39.5,2.5],[-20.5,-2.5,45.5,2.5],[-20.5,-2.5,51.5,2.5],[-20.5,-2.5,57.5,2.5],[-20.5,-2.5,63.5,2.5],[-20.5,-2.5,69.5,2.5],[-20.5,-2.5,75.5,2.5],[-20.5,-2.5,81.5,2.5],[-20.5,-2.5,87.5,2.5],[-20.5,-2.5,93.5,2.5],[21.5,-38.5,-98.5,2.5],[21.5,-38.5,-74.5,2.5],[21.5,-38.5,-68.5,2.5],[21.5,-38.5,-62.5,2.5],[21.5,-38.5,-50.5,2.5],[21.5,-38.5,-44.5,2.5],[21.5,-38.5,-38.5,2.5],[21.5,-38.5,-26.5,2.5],[21.5,-38.5,-20.5,2.5],[21.5,-38.5,-8.5,2.5],[21.5,-38.5,-2.5,2.5],[21.5,-38.5,9.5,2.5],[21.5,-38.5,15.5,2.5],[21.5,-38.5,27.5,2.5],[21.5,-38.5,33.5,2.5],[21.5,-38.5,39.5,2.5],[21.5,-38.5,51.5,2.5],[21.5,-38.5,57.5,2.5],[21.5,-38.5,63.5,2.5],[21.5,-38.5,87.5,2.5],[15.5,-38.5,-116.5,2.5],[9.5,-38.5,-116.5,2.5],[3.5,-38.5,-116.5,2.5],[-2.5,-38.5,-116.5,2.5],[-8.5,-38.5,-116.5,2.5],[-14.5,-38.5,-116.5,2.5],[-20.5,-38.5,-98.5,2.5],[-20.5,-38.5,-74.5,2.5],[-20.5,-38.5,-68.5,2.5],[-20.5,-38.5,-62.5,2.5],[-20.5,-38.5,-50.5,2.5],[-20.5,-38.5,-44.5,2.5],[-20.5,-38.5,-38.5,2.5],[-20.5,-38.5,-26.5,2.5],[-20.5,-38.5,-20.5,2.5],[-20.5,-38.5,-8.5,2.5],[-20.5,-38.5,-2.5,2.5],[-20.5,-38.5,9.5,2.5],[-20.5,-38.5,15.5,2.5],[-20.5,-38.5,27.5,2.5],[-20.5,-38.5,33.5,2.5],[-20.5,-38.5,39.5,2.5],[-20.5,-38.5,51.5,2.5],[-20.5,-38.5,57.5,2.5],[-20.5,-38.5,63.5,2.5],[-20.5,-38.5,87.5,2.5],[21.5,-44.5,-98.5,2.5],[21.5,-44.5,-74.5,2.5],[21.5,-44.5,-68.5,2.5],[21.5,-44.5,-62.5,2.5],[21.5,-44.5,-50.5,2.5],[21.5,-44.5,-44.5,2.5],[21.5,-44.5,-38.5,2.5],[21.5,-44.5,-26.5,2.5],[21.5,-44.5,-20.5,2.5],[21.5,-44.5,-8.5,2.5],[21.5,-44.5,-2.5,2.5],[21.5,-44.5,9.5,2.5],[21.5,-44.5,15.5,2.5],[21.5,-44.5,27.5,2.5],[21.5,-44.5,33.5,2.5],[21.5,-44.5,39.5,2.5],[21.5,-44.5,51.5,2.5],[21.5,-44.5,57.5,2.5],[21.5,-44.5,63.5,2.5],[21.5,-44.5,87.5,2.5],[15.5,-44.5,-116.5,2.5],[9.5,-44.5,-116.5,2.5],[3.5,-44.5,-116.5,2.5],[-2.5,-44.5,-116.5,2.5],[-8.5,-44.5,-116.5,2.5],[-14.5,-44.5,-116.5,2.5],[-20.5,-44.5,-98.5,2.5],[-20.5,-44.5,-74.5,2.5],[-20.5,-44.5,-68.5,2.5],[-20.5,-44.5,-62.5,2.5],[-20.5,-44.5,-50.5,2.5],[-20.5,-44.5,-44.5,2.5],[-20.5,-44.5,-38.5,2.5],[-20.5,-44.5,-26.5,2.5],[-20.5,-44.5,-20.5,2.5],[-20.5,-44.5,-8.5,2.5],[-20.5,-44.5,-2.5,2.5],[-20.5,-44.5,9.5,2.5],[-20.5,-44.5,15.5,2.5],[-20.5,-44.5,27.5,2.5],[-20.5,-44.5,33.5,2.5],[-20.5,-44.5,39.5,2.5],[-20.5,-44.5,51.5,2.5],[-20.5,-44.5,57.5,2.5],[-20.5,-44.5,63.5,2.5],[-20.5,-44.5,87.5,2.5]];
body.setTextureOffset(0, 6, false);
for(var e = 0; e < 160; e++) {body.addBox(B[e][0]+X, B[e][1]+Y, B[e][2]+Z, 1, 1, 1, B[e][3])};
var B = [[21.5,-20.5,-56.5,2.5],[21.5,-20.5,-50.5,2.5],[21.5,-20.5,-38.5,2.5],[21.5,-20.5,-32.5,2.5],[21.5,-20.5,21.5,2.5],[21.5,-20.5,27.5,2.5],[21.5,-20.5,39.5,2.5],[21.5,-20.5,45.5,2.5],[-20.5,-20.5,-56.5,2.5],[-20.5,-20.5,-50.5,2.5],[-20.5,-20.5,-38.5,2.5],[-20.5,-20.5,-32.5,2.5],[-20.5,-20.5,21.5,2.5],[-20.5,-20.5,27.5,2.5],[-20.5,-20.5,39.5,2.5],[-20.5,-20.5,45.5,2.5],[21.5,-26.5,-56.5,2.5],[21.5,-26.5,-50.5,2.5],[21.5,-26.5,-38.5,2.5],[21.5,-26.5,-32.5,2.5],[21.5,-26.5,21.5,2.5],[21.5,-26.5,27.5,2.5],[21.5,-26.5,39.5,2.5],[21.5,-26.5,45.5,2.5],[-20.5,-26.5,-56.5,2.5],[-20.5,-26.5,-50.5,2.5],[-20.5,-26.5,-38.5,2.5],[-20.5,-26.5,-32.5,2.5],[-20.5,-26.5,21.5,2.5],[-20.5,-26.5,27.5,2.5],[-20.5,-26.5,39.5,2.5],[-20.5,-26.5,45.5,2.5],[21.5,-32.5,-56.5,2.5],[21.5,-32.5,-50.5,2.5],[21.5,-32.5,-38.5,2.5],[21.5,-32.5,-32.5,2.5],[21.5,-32.5,21.5,2.5],[21.5,-32.5,27.5,2.5],[21.5,-32.5,39.5,2.5],[21.5,-32.5,45.5,2.5],[-20.5,-32.5,-56.5,2.5],[-20.5,-32.5,-50.5,2.5],[-20.5,-32.5,-38.5,2.5],[-20.5,-32.5,-32.5,2.5],[-20.5,-32.5,21.5,2.5],[-20.5,-32.5,27.5,2.5],[-20.5,-32.5,39.5,2.5],[-20.5,-32.5,45.5,2.5],[21.5,-38.5,-56.5,2.5],[21.5,-38.5,-32.5,2.5],[21.5,-38.5,21.5,2.5],[21.5,-38.5,45.5,2.5],[-20.5,-38.5,-56.5,2.5],[-20.5,-38.5,-32.5,2.5],[-20.5,-38.5,21.5,2.5],[-20.5,-38.5,45.5,2.5],[21.5,-44.5,-56.5,2.5],[21.5,-44.5,-32.5,2.5],[21.5,-44.5,21.5,2.5],[21.5,-44.5,45.5,2.5],[-20.5,-44.5,-56.5,2.5],[-20.5,-44.5,-32.5,2.5],[-20.5,-44.5,21.5,2.5],[-20.5,-44.5,45.5,2.5],[21.5,-50.5,-56.5,2.5],[21.5,-50.5,-50.5,2.5],[21.5,-50.5,-38.5,2.5],[21.5,-50.5,-32.5,2.5],[21.5,-50.5,21.5,2.5],[21.5,-50.5,27.5,2.5],[21.5,-50.5,39.5,2.5],[21.5,-50.5,45.5,2.5],[-20.5,-50.5,-56.5,2.5],[-20.5,-50.5,-50.5,2.5],[-20.5,-50.5,-38.5,2.5],[-20.5,-50.5,-32.5,2.5],[-20.5,-50.5,21.5,2.5],[-20.5,-50.5,27.5,2.5],[-20.5,-50.5,39.5,2.5],[-20.5,-50.5,45.5,2.5]];
body.setTextureOffset(0, 24, false);
for(var e = 0; e < 80; e++) {body.addBox(B[e][0]+X, B[e][1]+Y, B[e][2]+Z, 1, 1, 1, B[e][3])};
var B = [[15.5,-8.5,-116.5,2.5],[-14.5,-8.5,-116.5,2.5]];
body.setTextureOffset(4, 0, false);
for(var e = 0; e < 2; e++) {body.addBox(B[e][0]+X, B[e][1]+Y, B[e][2]+Z, 1, 1, 1, B[e][3])};
var B = [[-20.5,3.5,39.5,2.5],[-20.5,3.5,63.5,2.5],[21.5,3.5,-74.5,2.5],[21.5,3.5,-50.5,2.5],[21.5,3.5,39.5,2.5],[21.5,3.5,63.5,2.5],[-20.5,3.5,-74.5,2.5],[-20.5,3.5,-50.5,2.5]];
body.setTextureOffset(0, 28, false);
for(var e = 0; e < 8; e++) {body.addBox(B[e][0]+X, B[e][1]+Y, B[e][2]+Z, 1, 1, 1, B[e][3])};
var B = [[15.5,3.5,-80.5,2.5],[15.5,3.5,-74.5,2.5],[15.5,3.5,-68.5,2.5],[15.5,3.5,-56.5,2.5],[15.5,3.5,-50.5,2.5],[15.5,3.5,-44.5,2.5],[15.5,3.5,33.5,2.5],[15.5,3.5,39.5,2.5],[15.5,3.5,45.5,2.5],[15.5,3.5,57.5,2.5],[15.5,3.5,63.5,2.5],[15.5,3.5,69.5,2.5],[9.5,3.5,-74.5,2.5],[9.5,3.5,-50.5,2.5],[9.5,3.5,39.5,2.5],[9.5,3.5,63.5,2.5],[3.5,3.5,-128.5,2.5],[3.5,3.5,-122.5,2.5],[3.5,3.5,-116.5,2.5],[3.5,3.5,-110.5,2.5],[3.5,3.5,-104.5,2.5],[3.5,3.5,-98.5,2.5],[3.5,3.5,-92.5,2.5],[3.5,3.5,-86.5,2.5],[3.5,3.5,-80.5,2.5],[3.5,3.5,-74.5,2.5],[3.5,3.5,-68.5,2.5],[3.5,3.5,-62.5,2.5],[3.5,3.5,-56.5,2.5],[3.5,3.5,-50.5,2.5],[3.5,3.5,-44.5,2.5],[3.5,3.5,-38.5,2.5],[3.5,3.5,-32.5,2.5],[3.5,3.5,-26.5,2.5],[3.5,3.5,-20.5,2.5],[3.5,3.5,-14.5,2.5],[3.5,3.5,-8.5,2.5],[3.5,3.5,-2.5,2.5],[3.5,3.5,3.5,2.5],[3.5,3.5,9.5,2.5],[3.5,3.5,15.5,2.5],[3.5,3.5,21.5,2.5],[3.5,3.5,27.5,2.5],[3.5,3.5,33.5,2.5],[3.5,3.5,39.5,2.5],[3.5,3.5,45.5,2.5],[3.5,3.5,51.5,2.5],[3.5,3.5,57.5,2.5],[3.5,3.5,63.5,2.5],[3.5,3.5,69.5,2.5],[3.5,3.5,75.5,2.5],[3.5,3.5,81.5,2.5],[3.5,3.5,87.5,2.5],[3.5,3.5,93.5,2.5],[3.5,3.5,99.5,2.5],[3.5,3.5,105.5,2.5],[-2.5,3.5,-128.5,2.5],[-2.5,3.5,-122.5,2.5],[-2.5,3.5,-116.5,2.5],[-2.5,3.5,-110.5,2.5],[-2.5,3.5,-104.5,2.5],[-2.5,3.5,-98.5,2.5],[-2.5,3.5,-92.5,2.5],[-2.5,3.5,-86.5,2.5],[-2.5,3.5,-80.5,2.5],[-2.5,3.5,-74.5,2.5],[-2.5,3.5,-68.5,2.5],[-2.5,3.5,-62.5,2.5],[-2.5,3.5,-56.5,2.5],[-2.5,3.5,-50.5,2.5],[-2.5,3.5,-44.5,2.5],[-2.5,3.5,-38.5,2.5],[-2.5,3.5,-32.5,2.5],[-2.5,3.5,-26.5,2.5],[-2.5,3.5,-20.5,2.5],[-2.5,3.5,-14.5,2.5],[-2.5,3.5,-8.5,2.5],[-2.5,3.5,-2.5,2.5],[-2.5,3.5,3.5,2.5],[-2.5,3.5,9.5,2.5],[-2.5,3.5,15.5,2.5],[-2.5,3.5,21.5,2.5],[-2.5,3.5,27.5,2.5],[-2.5,3.5,33.5,2.5],[-2.5,3.5,39.5,2.5],[-2.5,3.5,45.5,2.5],[-2.5,3.5,51.5,2.5],[-2.5,3.5,57.5,2.5],[-2.5,3.5,63.5,2.5],[-2.5,3.5,69.5,2.5],[-2.5,3.5,75.5,2.5],[-2.5,3.5,81.5,2.5],[-2.5,3.5,87.5,2.5],[-2.5,3.5,93.5,2.5],[-2.5,3.5,99.5,2.5],[-2.5,3.5,105.5,2.5],[-8.5,3.5,-74.5,2.5],[-8.5,3.5,-50.5,2.5],[-8.5,3.5,39.5,2.5],[-8.5,3.5,63.5,2.5],[-14.5,3.5,-80.5,2.5],[-14.5,3.5,-74.5,2.5],[-14.5,3.5,-68.5,2.5],[-14.5,3.5,-56.5,2.5],[-14.5,3.5,-50.5,2.5],[-14.5,3.5,-44.5,2.5],[-14.5,3.5,33.5,2.5],[-14.5,3.5,39.5,2.5],[-14.5,3.5,45.5,2.5],[-14.5,3.5,57.5,2.5],[-14.5,3.5,63.5,2.5],[-14.5,3.5,69.5,2.5],[3.5,-2.5,-128.5,2.5],[3.5,-2.5,-122.5,2.5],[3.5,-2.5,105.5,2.5],[-2.5,-2.5,-128.5,2.5],[-2.5,-2.5,-122.5,2.5],[-2.5,-2.5,105.5,2.5],[9.5,-62.5,-80.5,2.5],[9.5,-62.5,-74.5,2.5],[3.5,-62.5,-80.5,2.5],[3.5,-62.5,-74.5,2.5],[-2.5,-62.5,63.5,2.5],[9.5,-68.5,63.5,2.5],[3.5,-68.5,75.5,2.5],[-2.5,-68.5,63.5,2.5],[-2.5,-68.5,75.5,2.5],[9.5,-74.5,63.5,2.5],[3.5,-74.5,63.5,2.5],[3.5,-74.5,69.5,2.5],[3.5,-74.5,75.5,2.5],[-2.5,-74.5,63.5,2.5],[-2.5,-74.5,69.5,2.5],[-2.5,-74.5,75.5,2.5]];
body.setTextureOffset(0, 30, false);
for(var e = 0; e < 134; e++) {body.addBox(B[e][0]+X, B[e][1]+Y, B[e][2]+Z, 1, 1, 1, B[e][3])};