var X = 0;
var Y = 22;
var Z = 0;
var B = [[15.5,-8.5,-32.5,2.5],[15.5,-8.5,21.5,2.5],[-20.5,-8.5,-32.5,2.5],[-20.5,-8.5,21.5,2.5],[9.5,-20.5,-50.5,2.5],[-14.5,-20.5,-50.5,2.5],[9.5,-32.5,-20.5,2.5],[9.5,-32.5,9.5,2.5],[9.5,-32.5,21.5,2.5],[-14.5,-32.5,-20.5,2.5],[-14.5,-32.5,9.5,2.5],[-14.5,-32.5,21.5,2.5],[9.5,-38.5,-20.5,2.5],[9.5,-38.5,9.5,2.5],[9.5,-38.5,21.5,2.5],[-14.5,-38.5,-20.5,2.5],[-14.5,-38.5,9.5,2.5],[-14.5,-38.5,21.5,2.5],[9.5,-44.5,-20.5,2.5],[9.5,-44.5,-14.5,2.5],[9.5,-44.5,-8.5,2.5],[9.5,-44.5,-2.5,2.5],[9.5,-44.5,3.5,2.5],[9.5,-44.5,9.5,2.5],[9.5,-44.5,15.5,2.5],[9.5,-44.5,21.5,2.5],[3.5,-44.5,-20.5,2.5],[3.5,-44.5,-14.5,2.5],[3.5,-44.5,-8.5,2.5],[3.5,-44.5,-2.5,2.5],[3.5,-44.5,3.5,2.5],[3.5,-44.5,9.5,2.5],[3.5,-44.5,15.5,2.5],[3.5,-44.5,21.5,2.5],[-2.5,-44.5,-20.5,2.5],[-2.5,-44.5,-14.5,2.5],[-2.5,-44.5,-8.5,2.5],[-2.5,-44.5,-2.5,2.5],[-2.5,-44.5,3.5,2.5],[-2.5,-44.5,9.5,2.5],[-2.5,-44.5,15.5,2.5],[-2.5,-44.5,21.5,2.5],[-8.5,-44.5,-20.5,2.5],[-8.5,-44.5,-14.5,2.5],[-8.5,-44.5,-8.5,2.5],[-8.5,-44.5,-2.5,2.5],[-8.5,-44.5,3.5,2.5],[-8.5,-44.5,9.5,2.5],[-8.5,-44.5,15.5,2.5],[-8.5,-44.5,21.5,2.5],[-14.5,-44.5,-20.5,2.5],[-14.5,-44.5,-14.5,2.5],[-14.5,-44.5,-8.5,2.5],[-14.5,-44.5,-2.5,2.5],[-14.5,-44.5,3.5,2.5],[-14.5,-44.5,9.5,2.5],[-14.5,-44.5,15.5,2.5],[-14.5,-44.5,21.5,2.5]];
body.setTextureOffset(0, 4, false);
for(var e = 0; e < 58; e++) {body.addBox(B[e][0]+X, B[e][1]+Y, B[e][2]+Z, 1, 1, 1, B[e][3])};
var B = [[15.5,-8.5,-50.5,2.5],[15.5,-8.5,-44.5,2.5],[15.5,-8.5,-20.5,2.5],[15.5,-8.5,-14.5,2.5],[15.5,-8.5,-8.5,2.5],[15.5,-8.5,-2.5,2.5],[15.5,-8.5,3.5,2.5],[15.5,-8.5,9.5,2.5],[15.5,-8.5,33.5,2.5],[9.5,-8.5,-50.5,2.5],[9.5,-8.5,33.5,2.5],[3.5,-8.5,-44.5,2.5],[3.5,-8.5,33.5,2.5],[-2.5,-8.5,-44.5,2.5],[-2.5,-8.5,33.5,2.5],[-8.5,-8.5,-44.5,2.5],[-8.5,-8.5,33.5,2.5],[-14.5,-8.5,-50.5,2.5],[-14.5,-8.5,33.5,2.5],[-20.5,-8.5,-50.5,2.5],[-20.5,-8.5,-44.5,2.5],[-20.5,-8.5,-20.5,2.5],[-20.5,-8.5,-14.5,2.5],[-20.5,-8.5,-8.5,2.5],[-20.5,-8.5,-2.5,2.5],[-20.5,-8.5,3.5,2.5],[-20.5,-8.5,9.5,2.5],[-20.5,-8.5,33.5,2.5]];
body.setTextureOffset(0, 8, false);
for(var e = 0; e < 28; e++) {body.addBox(B[e][0]+X, B[e][1]+Y, B[e][2]+Z, 1, 1, 1, B[e][3])};
var B = [[15.5,-2.5,-38.5,2.5],[15.5,-2.5,-32.5,2.5],[15.5,-2.5,-26.5,2.5],[15.5,-2.5,15.5,2.5],[15.5,-2.5,21.5,2.5],[15.5,-2.5,27.5,2.5],[-20.5,-2.5,-38.5,2.5],[-20.5,-2.5,-32.5,2.5],[-20.5,-2.5,-26.5,2.5],[-20.5,-2.5,15.5,2.5],[-20.5,-2.5,21.5,2.5],[-20.5,-2.5,27.5,2.5],[15.5,-8.5,-38.5,2.5],[15.5,-8.5,-26.5,2.5],[15.5,-8.5,15.5,2.5],[15.5,-8.5,27.5,2.5],[-20.5,-8.5,-38.5,2.5],[-20.5,-8.5,-26.5,2.5],[-20.5,-8.5,15.5,2.5],[-20.5,-8.5,27.5,2.5],[15.5,-14.5,-38.5,2.5],[15.5,-14.5,-32.5,2.5],[15.5,-14.5,-26.5,2.5],[15.5,-14.5,15.5,2.5],[15.5,-14.5,21.5,2.5],[15.5,-14.5,27.5,2.5],[-20.5,-14.5,-38.5,2.5],[-20.5,-14.5,-32.5,2.5],[-20.5,-14.5,-26.5,2.5],[-20.5,-14.5,15.5,2.5],[-20.5,-14.5,21.5,2.5],[-20.5,-14.5,27.5,2.5],[9.5,-32.5,-14.5,2.5],[9.5,-32.5,-8.5,2.5],[9.5,-32.5,-2.5,2.5],[9.5,-32.5,3.5,2.5],[9.5,-32.5,15.5,2.5],[3.5,-32.5,-20.5,2.5],[3.5,-32.5,21.5,2.5],[-2.5,-32.5,-20.5,2.5],[-2.5,-32.5,21.5,2.5],[-8.5,-32.5,-20.5,2.5],[-8.5,-32.5,21.5,2.5],[-14.5,-32.5,-14.5,2.5],[-14.5,-32.5,-8.5,2.5],[-14.5,-32.5,-2.5,2.5],[-14.5,-32.5,3.5,2.5],[-14.5,-32.5,15.5,2.5],[9.5,-38.5,-14.5,2.5],[9.5,-38.5,-8.5,2.5],[9.5,-38.5,-2.5,2.5],[9.5,-38.5,3.5,2.5],[9.5,-38.5,15.5,2.5],[3.5,-38.5,-20.5,2.5],[3.5,-38.5,21.5,2.5],[-2.5,-38.5,-20.5,2.5],[-2.5,-38.5,21.5,2.5],[-8.5,-38.5,-20.5,2.5],[-8.5,-38.5,21.5,2.5],[-14.5,-38.5,-14.5,2.5],[-14.5,-38.5,-8.5,2.5],[-14.5,-38.5,-2.5,2.5],[-14.5,-38.5,3.5,2.5],[-14.5,-38.5,15.5,2.5]];
body.setTextureOffset(0, 6, false);
for(var e = 0; e < 64; e++) {body.addBox(B[e][0]+X, B[e][1]+Y, B[e][2]+Z, 1, 1, 1, B[e][3])};
var B = [[15.5,-20.5,-50.5,2.5],[15.5,-20.5,-44.5,2.5],[15.5,-20.5,-38.5,2.5],[15.5,-20.5,-32.5,2.5],[15.5,-20.5,-26.5,2.5],[15.5,-20.5,-20.5,2.5],[15.5,-20.5,-14.5,2.5],[15.5,-20.5,-8.5,2.5],[15.5,-20.5,-2.5,2.5],[15.5,-20.5,3.5,2.5],[15.5,-20.5,9.5,2.5],[15.5,-20.5,15.5,2.5],[15.5,-20.5,21.5,2.5],[15.5,-20.5,27.5,2.5],[15.5,-20.5,33.5,2.5],[9.5,-20.5,33.5,2.5],[3.5,-20.5,-50.5,2.5],[3.5,-20.5,33.5,2.5],[-2.5,-20.5,-50.5,2.5],[-2.5,-20.5,33.5,2.5],[-8.5,-20.5,-50.5,2.5],[-8.5,-20.5,33.5,2.5],[-14.5,-20.5,33.5,2.5],[-20.5,-20.5,-50.5,2.5],[-20.5,-20.5,-44.5,2.5],[-20.5,-20.5,-38.5,2.5],[-20.5,-20.5,-32.5,2.5],[-20.5,-20.5,-26.5,2.5],[-20.5,-20.5,-20.5,2.5],[-20.5,-20.5,-14.5,2.5],[-20.5,-20.5,-8.5,2.5],[-20.5,-20.5,-2.5,2.5],[-20.5,-20.5,3.5,2.5],[-20.5,-20.5,9.5,2.5],[-20.5,-20.5,15.5,2.5],[-20.5,-20.5,21.5,2.5],[-20.5,-20.5,27.5,2.5],[-20.5,-20.5,33.5,2.5],[15.5,-26.5,-50.5,2.5],[15.5,-26.5,-44.5,2.5],[15.5,-26.5,-38.5,2.5],[15.5,-26.5,-32.5,2.5],[15.5,-26.5,-26.5,2.5],[15.5,-26.5,-20.5,2.5],[15.5,-26.5,-14.5,2.5],[15.5,-26.5,-8.5,2.5],[15.5,-26.5,-2.5,2.5],[15.5,-26.5,3.5,2.5],[15.5,-26.5,9.5,2.5],[15.5,-26.5,15.5,2.5],[15.5,-26.5,21.5,2.5],[15.5,-26.5,27.5,2.5],[15.5,-26.5,33.5,2.5],[9.5,-26.5,-50.5,2.5],[9.5,-26.5,-44.5,2.5],[9.5,-26.5,-38.5,2.5],[9.5,-26.5,-32.5,2.5],[9.5,-26.5,-26.5,2.5],[9.5,-26.5,27.5,2.5],[9.5,-26.5,33.5,2.5],[-14.5,-26.5,-50.5,2.5],[-14.5,-26.5,-44.5,2.5],[-14.5,-26.5,-38.5,2.5],[-14.5,-26.5,-32.5,2.5],[-14.5,-26.5,-26.5,2.5],[-14.5,-26.5,27.5,2.5],[-14.5,-26.5,33.5,2.5],[-20.5,-26.5,-50.5,2.5],[-20.5,-26.5,-44.5,2.5],[-20.5,-26.5,-38.5,2.5],[-20.5,-26.5,-32.5,2.5],[-20.5,-26.5,-26.5,2.5],[-20.5,-26.5,-20.5,2.5],[-20.5,-26.5,-14.5,2.5],[-20.5,-26.5,-8.5,2.5],[-20.5,-26.5,-2.5,2.5],[-20.5,-26.5,3.5,2.5],[-20.5,-26.5,9.5,2.5],[-20.5,-26.5,15.5,2.5],[-20.5,-26.5,21.5,2.5],[-20.5,-26.5,27.5,2.5],[-20.5,-26.5,33.5,2.5]];
body.setTextureOffset(0, 18, false);
for(var e = 0; e < 82; e++) {body.addBox(B[e][0]+X, B[e][1]+Y, B[e][2]+Z, 1, 1, 1, B[e][3])};
var B = [[15.5,-14.5,-50.5,2.5],[15.5,-14.5,-44.5,2.5],[15.5,-14.5,-20.5,2.5],[15.5,-14.5,-14.5,2.5],[15.5,-14.5,-8.5,2.5],[15.5,-14.5,-2.5,2.5],[15.5,-14.5,3.5,2.5],[15.5,-14.5,9.5,2.5],[15.5,-14.5,33.5,2.5],[9.5,-14.5,-50.5,2.5],[9.5,-14.5,33.5,2.5],[3.5,-14.5,-50.5,2.5],[3.5,-14.5,33.5,2.5],[-2.5,-14.5,-50.5,2.5],[-2.5,-14.5,33.5,2.5],[-8.5,-14.5,-50.5,2.5],[-8.5,-14.5,33.5,2.5],[-14.5,-14.5,-50.5,2.5],[-14.5,-14.5,33.5,2.5],[-20.5,-14.5,-50.5,2.5],[-20.5,-14.5,-44.5,2.5],[-20.5,-14.5,-20.5,2.5],[-20.5,-14.5,-14.5,2.5],[-20.5,-14.5,-8.5,2.5],[-20.5,-14.5,-2.5,2.5],[-20.5,-14.5,3.5,2.5],[-20.5,-14.5,9.5,2.5],[-20.5,-14.5,33.5,2.5],[21.5,-26.5,-14.5,2.5],[21.5,-26.5,-8.5,2.5],[3.5,-26.5,-50.5,2.5],[3.5,-26.5,-44.5,2.5],[3.5,-26.5,-38.5,2.5],[3.5,-26.5,-32.5,2.5],[3.5,-26.5,-26.5,2.5],[3.5,-26.5,27.5,2.5],[3.5,-26.5,33.5,2.5],[-2.5,-26.5,-50.5,2.5],[-2.5,-26.5,-44.5,2.5],[-2.5,-26.5,-38.5,2.5],[-2.5,-26.5,-32.5,2.5],[-2.5,-26.5,-26.5,2.5],[-2.5,-26.5,27.5,2.5],[-2.5,-26.5,33.5,2.5],[-8.5,-26.5,-50.5,2.5],[-8.5,-26.5,-44.5,2.5],[-8.5,-26.5,-38.5,2.5],[-8.5,-26.5,-32.5,2.5],[-8.5,-26.5,-26.5,2.5],[-8.5,-26.5,27.5,2.5],[-8.5,-26.5,33.5,2.5],[-26.5,-26.5,-14.5,2.5],[-26.5,-26.5,-8.5,2.5]];
body.setTextureOffset(0, 16, false);
for(var e = 0; e < 53; e++) {body.addBox(B[e][0]+X, B[e][1]+Y, B[e][2]+Z, 1, 1, 1, B[e][3])};